ARX
50.9801597595215
35.9011039733887
52.0568923950195
38.3783264160156
55.8512229919434
23.759313583374	
65.8695297241211	
72.5265579223633	
62.0541114807129	
87.5897521972656	
75.5523910522461	
73.6186752319336	
54.2745590209961	
68.926742553711	
51.7520027160645	
83.596694946289	
37.6048698425293	
83.6905364990234	
67.276626586914	
62.9553718566895	
56.0486373901367	
64.0081176757812	
31.4903659820557	
69.9426956176758	
50.9179649353027	
35.8712387084961	
51.5101547241211	
78.3619384765625	
27.8025074005127	
55.4697189331055	
71.3524475097656	
54.5846519470215	
38.7891426086426	
32.2367553710938	
66.579116821289	
