FOXL2	
32.958927154541	
22.4798202514648	
38.6614303588867	
44.6981773376465	
49.4431381225586	
24.8282451629639	
44.4318389892578	
72.8008041381836	
36.9693794250488	
60.7241744995117	
40.9190406799316	
47.9482841491699	
44.227108001709	
46.6943817138672	
47.0671844482422	
54.5006675720215	
34.7533111572266	
50.2192039489746	
56.3733940124512	
31.4120540618896	
36.1588592529297	
30.8048725128174	
12.3324632644653	
51.9950790405273	
45.0791282653809	
33.5461845397949	
42.5473251342773	
33.144889831543	
23.240966796875	
55.564323425293	
41.0844497680664	
52.0548934936523	
34.0630187988281	
22.3371181488037	
52.4100341796875	
