KLHDC8A	
115.103164672852	
92.4664764404297	
224.078353881836	
111.362243652344	
322.344207763672	
131.394058227539	
278.403167724609	
203.3349609375	
134.435943603516	
316.193664550781	
401.571624755859	
169.000640869141	
233.278884887695	
179.684539794922	
298.360778808594	
208.856185913086	
82.948226928711	
260.927856445312	
174.898910522461	
124.064964294434	
499.623260498047	
160.177490234375	
73.2216033935547	
195.374832153320	
116.198310852051	
153.319885253906	
193.553909301758	
269.742126464844	
135.661453247070	
476.360290527344	
141.075469970703	
175.358154296875	
101.890083312988	
118.034408569336	
218.404174804688	
