NRK	
20.2749309539795	
14.8941097259521	
38.8320426940918	
5.38442182540894	
17.3787784576416	
8.20590496063232	
5.72572755813599	
9.90039539337158	
33.1413803100586	
23.5609703063965	
18.2545890808105	
23.9049148559570	
32.873176574707
7.14593505859375	
19.6272926330566	
30.4986362457275	
8.88076305389404	
25.3879070281982	
13.7512483596802	
5.6842303276062	
16.5648746490479	
23.0889511108398	
8.51364707946777	
21.5081691741943	
8.27141094207764	
7.3099684715271	
8.0190143585205	
54.8889503479004	
14.2215766906738	
26.8508167266846	
9.97909355163574	
14.4438409805298	
6.0851616859436	
6.92502784729004	
28.2876777648926	
