SIGLEC11	
26.4979610443115	
9.4522476196289	
45.3146362304688	
31.0805053710938	
84.493148803711	
23.5193042755127	
57.036750793457	
34.6057968139648	
22.6286849975586	
56.9109840393066	
55.332405090332	
23.5339031219482	
40.7766418457031	
20.9539985656738	
73.1210479736328	
34.7775459289551	
24.6439704895020	
52.0228652954102	
24.5282402038574	
40.5964279174805	
68.1497802734375	
25.6801567077637	
9.30122470855713	
40.8594703674316	
23.6616344451904	
35.1149673461914	
48.1601295471191	
44.4659080505371	
26.7079315185547	
94.730224609375	
26.8263092041016	
30.1187171936035	
13.7222642898560	
38.6829071044922	
22.2558727264404	
