WFIKKN2	
226.084579467773	
22.139310836792	
129.504989624023	
182.653259277344	
34.1520957946777	
91.5548400878906	
42.5460166931152	
254.115005493164	
227.423477172852	
56.370735168457
14.7503528594971	
76.0026931762695	
254.803253173828	
182.403411865234	
175.154296875	
472.484344482422	
107.510055541992	
167.265884399414	
196.044631958008	
98.895881652832	
21.5826263427734	
133.258605957031	
87.3183059692383	
53.7701568603516	
211.537551879883	
226.219955444336	
64.9523391723633	
178.35791015625	
32.384334564209	
67.5695877075195	
62.6769218444824	
412.980072021484	
75.7608413696289	
25.1184387207031	
90.7425994873047	
